00007e40
a6ae5952
81840000
a672a672
00008149
598da673
7e7b0000
59515951
00007e3e
a6af5951
81840000
a671a671
00008146
598fa671
7e7c0000
59505950
00007e3d
a6b05950
81880000
a678a678
00008153
598ba675
7e940000
59855985
00007ea9
a6985968
82b10000
a97aa97a
00008b4c
4c25b3db
5f3e0000
38903890
00003f2e
df3120cf
e0c30000
f2a6f2a6
0000f619
02f9fd07
012c0000
fff8fff8
0000ffb3
0025ffdb
00180000
000b000b
00000010
fff80008
00030000
000e000e
0000001c
fff2000e
00000000
000d000d
0000001b
fff2000e
00000000
000c000c
00000018
fff4000c
00000000
000a000a
00000015
fff5000b
00000000
00090009
00000013
fff70009
00000000
00080008
00000010
fff80008
00000000
00070007
0000000e
fff90007
00000000
00060006
0000000d
fffa0006
00000000
00050005
0000000b
fffb0005
00000000
00050005
0000000a
fffb0005
00000000
00040004
00000009
fffc0004
00000000
00040004
00000008
fffc0004
00000000
00040004
00000008
fffc0004
00000000
00030003
00000007
fffd0003
00000000
00030003
00000006
fffd0003
00000000
00030003
00000006
fffd0003
00000000
00020002
00000005
fffe0002
00000000
00020002
00000005
fffe0002
00000000
00020002
00000005
fffe0002
00000000
00020002
00000004
fffe0002
00000000
00020002
00000004
fffe0002
00000000
00020002
00000004
fffe0002
00000000
00010001
00000003
fffe0002
00000000
00010001
00000003
ffff0001
00000000
00010001
00000003
ffff0001
00000000
00010001
00000003
ffff0001
00000000
00010001
00000003
ffff0001
00000000
00010001
00000003
ffff0001
00000000
00010001
00000002
ffff0001
00000000
00010001
00000002
ffff0001
00000000
00010001
00000002
ffff0001
00000000
00010001
00000002
ffff0001
00000000
00010001
00000002
ffff0001
00000000
00010001
00000002
ffff0001
00000000
00010001
00000002
ffff0001
00000000
00010001
00000002
ffff0001
00000000
00010001
00000002
ffff0001
00000000
00010001
00000002
ffff0001
00000000
00000000
00000001
00000000
00000000
00000000
00000001
00000000
00000000
00000000
00000001
00000000
00000000
00000000
00000001
00000000
00000000
00000000
00000001
00000000
00000000
00000000
00000001
00000000
00000000
00000000
00000001
00000000
00000000
00000000
00000001
00000000
00000000
00000000
00000001
00000000
00000000
00000000
00000001
00000000
00000000
00000000
00000001
00000000
00000000
00000000
00000001
00000000
00000000
00000000
00000001
00000000
00000000
00000000
00000001
00000000
00000000
00000000
00000001
00000000
00000000
00000000
00000001
00000000
00000000
00000000
00000001
00000000
00000000
00000000
00000001
00000000
00000000
00000000
00000001
00000000
00000000
00000000
00000001
00000000
00000000
00000000
00000001
00000000
00000000
00000000
00000001
00000000
00000000
00000000
00000001
00000000
00000000
00000000
00000001
00000000
00000000
00000000
00000001
00000000
00000000
00000000
00000001
00000000
00000000
00000000
00000000
00000000
00000000
00000000
00000000
00000000
00000000
00000000
00000000
00000000
00000000
00000000
00000000
00000000
00000000
00000000
00000000
00000000
00000000
00000000
00000000
00000000
00000000
00000000
00000000
00000000
00000000
00000000
00000000
00000000
00000000
00000000
00000000
00000000
00000000
00000000
00000000
00000000
00000000
00000000
00000000
00000000
00000000
00000000
00000000
00000000
00000000
00000000
00000000
00000000
00000000
00000000
00000000
00000000
00000000
00000000
00000000
00000000
00000000
00000000
00000000
00000000
00000000
00000000
00000000
00000000
00000000
00000000
00000000
00000000
00000000
00000000
00000000
00000000
00000000
00000000
00000000
00000000
00000000
00000000
00000000
00000000
00000000
00000000
00000000
00000000
00000000
00000000
00000000
00000000
00000000
00000000
00000000
00000000
00000000
00000000
00000000
00000000
00000000
00000000
00000000
00000000
00000000
00000000
00000000
00000000
00000000
00000000
00000000
00000000
00000000
00000000
00000000
00000000
00000000
00000000
00000000
00000000
00000000
00000000
00000000
00000000
00000000
00000000
00000000
00000000
00000000
00000000
00000000
00000000
00000000
00000000
00000000
00000000
00000000
00000000
00000000
00000000
00000000
00000000
00000000
00000000
00000000
00000000
00000000
00000000
00000000
00000000
00000000
00000000
00000000
00000000
00000000
00000000
00000000
00000000
00000000
00000000
00000000
00000000
00000000
00000000
00000000
00000000
00000000
00000000
00000000
00000000
00000000
00000000
00000000
00000000
00000000
00000000
00000000
00000000
00000000
00000000
00000000
00000000
00000000
00000000
00000000
00000000
00000000
00000000
00000000
00000000
00000000
00000000
00000000
00000000
00000000
00000000
00000000
00000000
00000000
00000000
00000000
00000000
00000000
00000000
00000000
00000000
00000000
00000000
00000000
00000000
00000000
00000000
00000000
00000000
00000000
00000000
00000000
00000000
00000000
00000000
00000000
00000000
00000000
00000000
00000000
00000000
00000000
00000000
00000000
00000000
00000000
00000000
00000000
00000000
00000000
00000000
00000000
00000000
00000000
00000000
00000000
00000000
00000000
00000000
00000000
00000000
00000000
00000000
00000000
00000000
00000000
00000000
00000000
00000000
00000000
00000000
00000000
00000000
00000000
00000000
00000000
00000000
00000000
00000000
00000000
00000000
00000000
00000000
00000000
00000000
00000000
00000000
00000000
00000000
00000000
00000000
00000000
00000000
00000000
00000000
00000000
00000000
00000000
00000000
00000000
00000000
00000000
00000000
00000000
00000000
00000000
00000000
00000000
00000000
00000000
00000000
00000000
00000000
00000000
00000000
00000000
00000000
00000000
00000000
00000000
00000000
00000000
00000000
00000000
00000000
00000000
00000000
00000000
00000000
00000000
00000000
00000000
00000000
00000000
00000000
00000000
00000000
00000000
00000000
00000000
00000000
00000000
00000000
00000000
00000000
00000000
00000000
00000000
00000000
00000000
00000000
00000000
00000000
00000000
00000000
00000000
00000000
00000000
00000000
00000000
00000000
00000000
00000000
00000000
00000000
00000000
00000000
00000000
00000000
00000000
00000000
00000000
00000000
00000000
00000000
00000000
00000000
00000000
00000000
00000000
00000000
00000000
00000000
00000000
00000000
00000000
00000000
00000000
00000000
00000000
00000000
00000000
00000000
00000000
00000000
00000000
00000000
00000000
00000000
00000000
00000000
00000000
00000000
00000000
00000000
00000000
00000000
00000000
00000000
00000000
00000000
00000000
00000000
00000000
00000000
00000000
00000000
00000000
00000000
00000000
00000000
00000000
00000000
00000000
00000000
00000000
00000000
00000000
00000000
00000000
00000000
00000000
00000000
00000000
00000000
00000000
00000000
00000001
00000000
00000000
00000000
00000001
00000000
00000000
00000000
00000001
00000000
00000000
00000000
00000001
00000000
00000000
00000000
00000001
00000000
00000000
00000000
00000001
00000000
00000000
00000000
00000001
00000000
00000000
00000000
00000001
00000000
00000000
00000000
00000001
00000000
00000000
00000000
00000001
00000000
00000000
00000000
00000001
00000000
00000000
00000000
00000001
00000000
00000000
00000000
00000001
00000000
00000000
00000000
00000001
00000000
00000000
00000000
00000001
00000000
00000000
00000000
00000001
00000000
00000000
00000000
00000001
00000000
00000000
00000000
00000001
00000000
00000000
00000000
00000001
00000000
00000000
00000000
00000001
00000000
00000000
00000000
00000001
00000000
00000000
00000000
00000001
00000000
00000000
00000000
00000001
00000000
00000000
00000000
00000001
00000000
00000000
00000000
00000001
00000000
00000000
00000000
00000001
00000000
00000000
00010001
00000002
ffff0001
00000000
00010001
00000002
ffff0001
00000000
00010001
00000002
ffff0001
00000000
00010001
00000002
ffff0001
00000000
00010001
00000002
ffff0001
00000000
00010001
00000002
ffff0001
00000000
00010001
00000002
ffff0001
00000000
00010001
00000002
ffff0001
00000000
00010001
00000002
ffff0001
00000000
00010001
00000002
ffff0001
00000000
00010001
00000003
ffff0001
00000000
00010001
00000003
ffff0001
00000000
00010001
00000003
ffff0001
00000000
00010001
00000003
ffff0001
00000000
00010001
00000003
ffff0001
00000000
00020002
00000003
ffff0001
00000000
00020002
00000004
fffe0002
00000000
00020002
00000004
fffe0002
00000000
00020002
00000004
fffe0002
00000000
00020002
00000005
fffe0002
00000000
00020002
00000005
fffe0002
00000000
00020002
00000005
fffe0002
00000000
00030003
00000006
fffd0003
00000000
00030003
00000006
fffd0003
00000000
00030003
00000007
fffd0003
00000000
00040004
00000008
fffc0004
00000000
00040004
00000008
fffc0004
00000000
00040004
00000009
fffc0004
00000000
00050005
0000000a
fffb0005
00000000
00050005
0000000b
fffb0005
00000000
00060006
0000000d
fffa0006
00000000
00070007
0000000e
fff90007
00000000
00080008
00000010
fff80008
00000000
00090009
00000013
fff70009
00000000
000b000b
00000015
fff6000a
00000000
000c000c
00000018
fff4000c
00000000
000e000e
0000001b
fff3000d
00000000
000e000e
0000001c
fff2000e
fffd0000
00080008
00000010
fff5000b
ffe80000
ffdbffdb
0000ffb3
0008fff8
fed40000
fd07fd07
0000f619
0d5af2a6
1f3d0000
20cf20cf
00003f2e
c7703890
a0c20000
b3dbb3db
00008b4c
5686a97a
7d4f0000
59685968
00007ea9
a67b5985
816c0000
a675a675
00008153
5988a678
7e780000
59505950
00007e3d
a6b05950
81840000
a671a671
00008146
598fa671
7e7c0000
59515951
00007e3e
a6af5951
81850000
a673a673
00008149
598ea672
7e7c0000
59525952
